

#               STATISTICS of INDIVIDUAL LAYERS

#    Layer           MIN          MAX         MEAN          STD
#  ---------------------------------------------------------------
        1            0.0000       0.0044       0.0000       0.0001
        2            0.0000       0.0091       0.0000       0.0002
        3            0.0000       0.0137       0.0000       0.0003
        4            0.0000       0.0173       0.0000       0.0003
        5            0.0000       0.0193       0.0000       0.0004
        6            0.0000       0.0230       0.0000       0.0005
        7            0.0000       0.0265       0.0000       0.0006
        8            0.0000       0.0345       0.0000       0.0007
        9            0.0000       0.0394       0.0000       0.0008
       10            0.0000       0.0425       0.0000       0.0009
       11            0.0000       0.0458       0.0000       0.0010
       12            0.0000       0.0497       0.0000       0.0010
       13            0.0000       0.0510       0.0000       0.0011
       14            0.0000       0.0573       0.0001       0.0012
       15            0.0000       0.0569       0.0001       0.0013
       16            0.0000       0.0648       0.0001       0.0014
       17            0.0000       0.0705       0.0001       0.0015
       18            0.0000       0.0753       0.0001       0.0016
       19            0.0000       0.0787       0.0001       0.0016
       20            0.0000       0.0823       0.0001       0.0017
#  ===============================================================


#                    COVARIANCE MATRIX

#    Layer             1             2             3             4             5             6             7             8             9            10            11            12            13            14            15            16            17            18            19            20
#  --------------------------------------------------------------------------
        1       6.614432e-09  1.297510e-08  1.943740e-08  2.580212e-08  3.219746e-08  3.743863e-08  4.480256e-08  5.202113e-08  5.799981e-08  6.511824e-08  7.057456e-08  7.774912e-08  8.088167e-08  8.801113e-08  9.326224e-08  1.002877e-07  1.069169e-07  1.157803e-07  1.209999e-07  1.267805e-07
        2       1.297510e-08  2.933008e-08  4.095531e-08  5.422107e-08  6.851891e-08  7.858587e-08  9.541223e-08  1.108095e-07  1.240772e-07  1.378780e-07  1.507895e-07  1.655507e-07  1.711895e-07  1.868959e-07  1.990044e-07  2.144967e-07  2.291894e-07  2.467412e-07  2.575301e-07  2.699632e-07
        3       1.943740e-08  4.095531e-08  6.184403e-08  8.010325e-08  1.003939e-07  1.165229e-07  1.394735e-07  1.618141e-07  1.815612e-07  2.026293e-07  2.197837e-07  2.422814e-07  2.528122e-07  2.744883e-07  2.901365e-07  3.138623e-07  3.346321e-07  3.612401e-07  3.777224e-07  3.955323e-07
        4       2.580212e-08  5.422107e-08  8.010325e-08  1.069584e-07  1.318966e-07  1.537812e-07  1.838818e-07  2.133500e-07  2.387951e-07  2.676183e-07  2.908045e-07  3.197508e-07  3.323307e-07  3.613215e-07  3.828524e-07  4.129417e-07  4.413513e-07  4.767429e-07  4.978318e-07  5.216816e-07
        5       3.219746e-08  6.851891e-08  1.003939e-07  1.318966e-07  1.703975e-07  1.937326e-07  2.326400e-07  2.694357e-07  3.026834e-07  3.355950e-07  3.687740e-07  4.028816e-07  4.196099e-07  4.567344e-07  4.836047e-07  5.227530e-07  5.570607e-07  6.006195e-07  6.279552e-07  6.579710e-07
        6       3.743863e-08  7.858587e-08  1.165229e-07  1.537812e-07  1.937326e-07  2.245054e-07  2.685173e-07  3.105390e-07  3.480597e-07  3.877355e-07  4.232657e-07  4.645430e-07  4.844194e-07  5.262499e-07  5.571846e-07  6.015746e-07  6.419788e-07  6.930250e-07  7.241897e-07  7.587844e-07
        7       4.480256e-08  9.541223e-08  1.394735e-07  1.838818e-07  2.326400e-07  2.685173e-07  3.264385e-07  3.732726e-07  4.199074e-07  4.693629e-07  5.101564e-07  5.607442e-07  5.832847e-07  6.324887e-07  6.747215e-07  7.253704e-07  7.737288e-07  8.348484e-07  8.729739e-07  9.143692e-07
        8       5.202113e-08  1.108095e-07  1.618141e-07  2.133500e-07  2.694357e-07  3.105390e-07  3.732726e-07  4.351101e-07  4.853882e-07  5.413924e-07  5.891831e-07  6.488101e-07  6.732329e-07  7.338455e-07  7.781084e-07  8.387939e-07  8.961912e-07  9.665047e-07  1.009323e-06  1.057553e-06
        9       5.799981e-08  1.240772e-07  1.815612e-07  2.387951e-07  3.026834e-07  3.480597e-07  4.199074e-07  4.853882e-07  5.476975e-07  6.083017e-07  6.632043e-07  7.266752e-07  7.556928e-07  8.222947e-07  8.721346e-07  9.419578e-07  1.005022e-06  1.083702e-06  1.132635e-06  1.186682e-06
       10       6.511824e-08  1.378780e-07  2.026293e-07  2.676183e-07  3.355950e-07  3.877355e-07  4.693629e-07  5.413924e-07  6.083017e-07  6.821010e-07  7.385800e-07  8.124444e-07  8.435871e-07  9.165231e-07  9.756743e-07  1.049932e-06  1.121003e-06  1.209958e-06  1.264878e-06  1.324578e-06
       11       7.057456e-08  1.507895e-07  2.197837e-07  2.908045e-07  3.687740e-07  4.232657e-07  5.101564e-07  5.891831e-07  6.632043e-07  7.385800e-07  8.083651e-07  8.829206e-07  9.183491e-07  9.988980e-07  1.059906e-06  1.144391e-06  1.220851e-06  1.316444e-06  1.376596e-06  1.442030e-06
       12       7.774912e-08  1.655507e-07  2.422814e-07  3.197508e-07  4.028816e-07  4.645430e-07  5.607442e-07  6.488101e-07  7.266752e-07  8.124444e-07  8.829206e-07  9.737463e-07  1.010567e-06  1.097748e-06  1.166288e-06  1.255186e-06  1.341047e-06  1.447417e-06  1.512865e-06  1.584401e-06
       13       8.088167e-08  1.711895e-07  2.528122e-07  3.323307e-07  4.196099e-07  4.844194e-07  5.832847e-07  6.732329e-07  7.556928e-07  8.435871e-07  9.183491e-07  1.010567e-06  1.052643e-06  1.141639e-06  1.210901e-06  1.305637e-06  1.393593e-06  1.504413e-06  1.573046e-06  1.647328e-06
       14       8.801113e-08  1.868959e-07  2.744883e-07  3.613215e-07  4.567344e-07  5.262499e-07  6.324887e-07  7.338455e-07  8.222947e-07  9.165231e-07  9.988980e-07  1.097748e-06  1.141639e-06  1.242585e-06  1.315974e-06  1.420482e-06  1.515901e-06  1.635726e-06  1.708891e-06  1.790340e-06
       15       9.326224e-08  1.990044e-07  2.901365e-07  3.828524e-07  4.836047e-07  5.571846e-07  6.747215e-07  7.781084e-07  8.721346e-07  9.756743e-07  1.059906e-06  1.166288e-06  1.210901e-06  1.315974e-06  1.401803e-06  1.507685e-06  1.609411e-06  1.736582e-06  1.814952e-06  1.901100e-06
       16       1.002877e-07  2.144967e-07  3.138623e-07  4.129417e-07  5.227530e-07  6.015746e-07  7.253704e-07  8.387939e-07  9.419578e-07  1.049932e-06  1.144391e-06  1.255186e-06  1.305637e-06  1.420482e-06  1.507685e-06  1.627405e-06  1.735509e-06  1.872095e-06  1.956091e-06  2.049395e-06
       17       1.069169e-07  2.291894e-07  3.346321e-07  4.413513e-07  5.570607e-07  6.419788e-07  7.737288e-07  8.961912e-07  1.005022e-06  1.121003e-06  1.220851e-06  1.341047e-06  1.393593e-06  1.515901e-06  1.609411e-06  1.735509e-06  1.853537e-06  1.998976e-06  2.088664e-06  2.188036e-06
       18       1.157803e-07  2.467412e-07  3.612401e-07  4.767429e-07  6.006195e-07  6.930250e-07  8.348484e-07  9.665047e-07  1.083702e-06  1.209958e-06  1.316444e-06  1.447417e-06  1.504413e-06  1.635726e-06  1.736582e-06  1.872095e-06  1.998976e-06  2.157178e-06  2.253656e-06  2.360908e-06
       19       1.209999e-07  2.575301e-07  3.777224e-07  4.978318e-07  6.279552e-07  7.241897e-07  8.729739e-07  1.009323e-06  1.132635e-06  1.264878e-06  1.376596e-06  1.512865e-06  1.573046e-06  1.708891e-06  1.814952e-06  1.956091e-06  2.088664e-06  2.253656e-06  2.356075e-06  2.467555e-06
       20       1.267805e-07  2.699632e-07  3.955323e-07  5.216816e-07  6.579710e-07  7.587844e-07  9.143692e-07  1.057553e-06  1.186682e-06  1.324578e-06  1.442030e-06  1.584401e-06  1.647328e-06  1.790340e-06  1.901100e-06  2.049395e-06  2.188036e-06  2.360908e-06  2.467555e-06  2.584738e-06
#  ==========================================================================


#                    CORRELATION MATRIX

#    Layer             1             2             3             4             5             6             7             8             9            10            11            12            13            14            15            16            17            18            19            20
#  --------------------------------------------------------------------------
        1            1.00000       0.93155       0.96104       0.97007       0.95906       0.97154       0.96418       0.96969       0.96363       0.96946       0.96516       0.96878       0.96931       0.97080       0.96854       0.96662       0.96560       0.96927       0.96927       0.96961
        2            0.93155       1.00000       0.96162       0.96806       0.96922       0.96844       0.97509       0.98089       0.97896       0.97480       0.97929       0.97961       0.97427       0.97899       0.98144       0.98178       0.98296       0.98094       0.97966       0.98048
        3            0.96104       0.96162       1.00000       0.98490       0.97797       0.98889       0.98162       0.98643       0.98652       0.98657       0.98298       0.98730       0.99085       0.99017       0.98539       0.98933       0.98837       0.98902       0.98953       0.98929
        4            0.97007       0.96806       0.98490       1.00000       0.97700       0.99239       0.98408       0.98898       0.98661       0.99080       0.98899       0.99079       0.99043       0.99111       0.98874       0.98977       0.99123       0.99251       0.99170       0.99218
        5            0.95906       0.96922       0.97797       0.97700       1.00000       0.99051       0.98640       0.98952       0.99080       0.98437       0.99363       0.98906       0.99077       0.99259       0.98950       0.99270       0.99122       0.99066       0.99107       0.99144
        6            0.97154       0.96844       0.98889       0.99239       0.99051       1.00000       0.99188       0.99358       0.99259       0.99083       0.99356       0.99355       0.99648       0.99636       0.99321       0.99524       0.99519       0.99585       0.99574       0.99609
        7            0.96418       0.97509       0.98162       0.98408       0.98640       0.99188       1.00000       0.99043       0.99308       0.99468       0.99311       0.99458       0.99504       0.99309       0.99743       0.99520       0.99469       0.99486       0.99542       0.99543
        8            0.96969       0.98089       0.98643       0.98898       0.98952       0.99358       0.99043       1.00000       0.99430       0.99378       0.99345       0.99677       0.99478       0.99803       0.99632       0.99680       0.99793       0.99761       0.99686       0.99723
        9            0.96363       0.97896       0.98652       0.98661       0.99080       0.99259       0.99308       0.99430       1.00000       0.99523       0.99672       0.99505       0.99525       0.99677       0.99534       0.99773       0.99748       0.99700       0.99707       0.99737
       10            0.96946       0.97480       0.98657       0.99080       0.98437       0.99083       0.99468       0.99378       0.99523       1.00000       0.99465       0.99689       0.99555       0.99553       0.99779       0.99653       0.99697       0.99748       0.99777       0.99757
       11            0.96516       0.97929       0.98298       0.98899       0.99363       0.99356       0.99311       0.99345       0.99672       0.99465       1.00000       0.99516       0.99555       0.99668       0.99568       0.99775       0.99737       0.99691       0.99749       0.99761
       12            0.96878       0.97961       0.98730       0.99079       0.98906       0.99355       0.99458       0.99677       0.99505       0.99689       0.99516       1.00000       0.99816       0.99797       0.99825       0.99710       0.99821       0.99868       0.99881       0.99870
       13            0.96931       0.97427       0.99085       0.99043       0.99077       0.99648       0.99504       0.99478       0.99525       0.99555       0.99555       0.99816       1.00000       0.99822       0.99684       0.99755       0.99769       0.99835       0.99886       0.99869
       14            0.97080       0.97899       0.99017       0.99111       0.99259       0.99636       0.99309       0.99803       0.99677       0.99553       0.99668       0.99797       0.99822       1.00000       0.99710       0.99891       0.99887       0.99909       0.99875       0.99900
       15            0.96854       0.98144       0.98539       0.98874       0.98950       0.99321       0.99743       0.99632       0.99534       0.99779       0.99568       0.99825       0.99684       0.99710       1.00000       0.99820       0.99844       0.99864       0.99868       0.99874
       16            0.96662       0.98178       0.98933       0.98977       0.99270       0.99524       0.99520       0.99680       0.99773       0.99653       0.99775       0.99710       0.99755       0.99891       0.99820       1.00000       0.99926       0.99916       0.99896       0.99924
       17            0.96560       0.98296       0.98837       0.99123       0.99122       0.99519       0.99469       0.99793       0.99748       0.99697       0.99737       0.99821       0.99769       0.99887       0.99844       0.99926       1.00000       0.99969       0.99948       0.99964
       18            0.96927       0.98094       0.98902       0.99251       0.99066       0.99585       0.99486       0.99761       0.99700       0.99748       0.99691       0.99868       0.99835       0.99909       0.99864       0.99916       0.99969       1.00000       0.99966       0.99983
       19            0.96927       0.97966       0.98953       0.99170       0.99107       0.99574       0.99542       0.99686       0.99707       0.99777       0.99749       0.99881       0.99886       0.99875       0.99868       0.99896       0.99948       0.99966       1.00000       0.99992
       20            0.96961       0.98048       0.98929       0.99218       0.99144       0.99609       0.99543       0.99723       0.99737       0.99757       0.99761       0.99870       0.99869       0.99900       0.99874       0.99924       0.99964       0.99983       0.99992       1.00000
#  ==========================================================================
