

#               STATISTICS of INDIVIDUAL LAYERS

#    Layer           MIN          MAX         MEAN          STD
#  ---------------------------------------------------------------
        1            0.0000       0.0074       0.0000       0.0002
        2            0.0000       0.0077       0.0000       0.0003
        3            0.0000       0.0134       0.0000       0.0004
        4            0.0000       0.0167       0.0000       0.0006
        5            0.0000       0.0323       0.0001       0.0009
        6            0.0000       0.0315       0.0001       0.0008
        7            0.0000       0.0378       0.0001       0.0011
        8            0.0000       0.0418       0.0001       0.0013
        9            0.0000       0.0430       0.0001       0.0014
       10            0.0000       0.0440       0.0001       0.0014
       11            0.0000       0.0452       0.0001       0.0014
       12            0.0000       0.0564       0.0002       0.0017
       13            0.0000       0.0613       0.0002       0.0018
       14            0.0000       0.0698       0.0002       0.0021
       15            0.0000       0.0708       0.0002       0.0021
       16            0.0000       0.0777       0.0002       0.0023
       17            0.0000       0.0738       0.0002       0.0024
       18            0.0000       0.0860       0.0002       0.0026
       19            0.0000       0.0903       0.0003       0.0027
       20            0.0000       0.0946       0.0003       0.0029
#  ===============================================================


#                    COVARIANCE MATRIX

#    Layer             1             2             3             4             5             6             7             8             9            10            11            12            13            14            15            16            17            18            19            20
#  --------------------------------------------------------------------------
        1       2.343969e-08  2.810377e-08  5.497007e-08  7.149496e-08  1.145725e-07  1.118546e-07  1.429000e-07  1.617532e-07  1.721858e-07  1.780912e-07  1.807097e-07  2.203357e-07  2.359259e-07  2.688207e-07  2.712627e-07  2.962121e-07  3.033929e-07  3.335759e-07  3.498842e-07  3.682560e-07
        2       2.810377e-08  5.756050e-08  8.449324e-08  1.200965e-07  1.790736e-07  1.673022e-07  2.151284e-07  2.625145e-07  2.722152e-07  2.868134e-07  2.838124e-07  3.500446e-07  3.716949e-07  4.249066e-07  4.306054e-07  4.547779e-07  4.891728e-07  5.216896e-07  5.484608e-07  5.786156e-07
        3       5.497007e-08  8.449324e-08  1.586453e-07  2.090035e-07  3.071148e-07  3.000345e-07  3.976290e-07  4.549725e-07  4.933908e-07  5.081346e-07  5.093182e-07  6.241855e-07  6.544002e-07  7.512269e-07  7.591379e-07  8.242312e-07  8.645619e-07  9.304278e-07  9.783048e-07  1.031510e-06
        4       7.149496e-08  1.200965e-07  2.090035e-07  2.919064e-07  4.142799e-07  4.019188e-07  5.256197e-07  6.189957e-07  6.617897e-07  6.882114e-07  6.840553e-07  8.411428e-07  8.852953e-07  1.014242e-06  1.025947e-06  1.103033e-06  1.168657e-06  1.251446e-06  1.315489e-06  1.387465e-06
        5       1.145725e-07  1.790736e-07  3.071148e-07  4.142799e-07  6.639906e-07  6.156818e-07  7.960034e-07  9.324856e-07  9.805222e-07  1.020138e-06  1.026339e-06  1.257849e-06  1.337423e-06  1.521741e-06  1.553666e-06  1.664543e-06  1.736531e-06  1.881379e-06  1.981836e-06  2.087940e-06
        6       1.118546e-07  1.673022e-07  3.000345e-07  4.019188e-07  6.156818e-07  6.037984e-07  7.752403e-07  8.937308e-07  9.571087e-07  9.902103e-07  9.897343e-07  1.215894e-06  1.284942e-06  1.469917e-06  1.496289e-06  1.613611e-06  1.682663e-06  1.821987e-06  1.917096e-06  2.018252e-06
        7       1.429000e-07  2.151284e-07  3.976290e-07  5.256197e-07  7.960034e-07  7.752403e-07  1.038621e-06  1.171803e-06  1.274310e-06  1.301692e-06  1.311141e-06  1.598211e-06  1.680797e-06  1.928863e-06  1.963647e-06  2.114458e-06  2.214934e-06  2.393073e-06  2.514291e-06  2.650059e-06
        8       1.617532e-07  2.625145e-07  4.549725e-07  6.189957e-07  9.324856e-07  8.937308e-07  1.171803e-06  1.370733e-06  1.455829e-06  1.503958e-06  1.509405e-06  1.846917e-06  1.951339e-06  2.236080e-06  2.271275e-06  2.433432e-06  2.564926e-06  2.763099e-06  2.903564e-06  3.060889e-06
        9       1.721858e-07  2.722152e-07  4.933908e-07  6.617897e-07  9.805222e-07  9.571087e-07  1.274310e-06  1.455829e-06  1.589763e-06  1.618695e-06  1.626216e-06  1.981400e-06  2.081043e-06  2.396011e-06  2.438161e-06  2.614964e-06  2.756818e-06  2.965171e-06  3.115042e-06  3.284847e-06
       10       1.780912e-07  2.868134e-07  5.081346e-07  6.882114e-07  1.020138e-06  9.902103e-07  1.301692e-06  1.503958e-06  1.618695e-06  1.679789e-06  1.671274e-06  2.053177e-06  2.156731e-06  2.467960e-06  2.511061e-06  2.704822e-06  2.845294e-06  3.057095e-06  3.217478e-06  3.391716e-06
       11       1.807097e-07  2.838124e-07  5.093182e-07  6.840553e-07  1.026339e-06  9.897343e-07  1.311141e-06  1.509405e-06  1.626216e-06  1.671274e-06  1.685254e-06  2.048397e-06  2.161048e-06  2.480081e-06  2.520418e-06  2.705921e-06  2.851267e-06  3.067847e-06  3.222236e-06  3.398960e-06
       12       2.203357e-07  3.500446e-07  6.241855e-07  8.411428e-07  1.257849e-06  1.215894e-06  1.598211e-06  1.846917e-06  1.981400e-06  2.053177e-06  2.048397e-06  2.523002e-06  2.647402e-06  3.030036e-06  3.079130e-06  3.321878e-06  3.484004e-06  3.751418e-06  3.948728e-06  4.162157e-06
       13       2.359259e-07  3.716949e-07  6.544002e-07  8.852953e-07  1.337423e-06  1.284942e-06  1.680797e-06  1.951339e-06  2.081043e-06  2.156731e-06  2.161048e-06  2.647402e-06  2.802864e-06  3.202211e-06  3.248855e-06  3.493060e-06  3.670832e-06  3.957991e-06  4.160329e-06  4.386054e-06
       14       2.688207e-07  4.249066e-07  7.512269e-07  1.014242e-06  1.521741e-06  1.469917e-06  1.928863e-06  2.236080e-06  2.396011e-06  2.467960e-06  2.480081e-06  3.030036e-06  3.202211e-06  3.678358e-06  3.723185e-06  3.996535e-06  4.208751e-06  4.536722e-06  4.763211e-06  5.023930e-06
       15       2.712627e-07  4.306054e-07  7.591379e-07  1.025947e-06  1.553666e-06  1.496289e-06  1.963647e-06  2.271275e-06  2.438161e-06  2.511061e-06  2.520418e-06  3.079130e-06  3.248855e-06  3.723185e-06  3.796048e-06  4.066968e-06  4.275211e-06  4.605841e-06  4.842924e-06  5.105942e-06
       16       2.962121e-07  4.547779e-07  8.242312e-07  1.103033e-06  1.664543e-06  1.613611e-06  2.114458e-06  2.433432e-06  2.614964e-06  2.704822e-06  2.705921e-06  3.321878e-06  3.493060e-06  3.996535e-06  4.066968e-06  4.396640e-06  4.595021e-06  4.955448e-06  5.216464e-06  5.496453e-06
       17       3.033929e-07  4.891728e-07  8.645619e-07  1.168657e-06  1.736531e-06  1.682663e-06  2.214934e-06  2.564926e-06  2.756818e-06  2.845294e-06  2.851267e-06  3.484004e-06  3.670832e-06  4.208751e-06  4.275211e-06  4.595021e-06  4.850080e-06  5.208692e-06  5.474302e-06  5.772400e-06
       18       3.335759e-07  5.216896e-07  9.304278e-07  1.251446e-06  1.881379e-06  1.821987e-06  2.393073e-06  2.763099e-06  2.965171e-06  3.057095e-06  3.067847e-06  3.751418e-06  3.957991e-06  4.536722e-06  4.605841e-06  4.955448e-06  5.208692e-06  5.615448e-06  5.900135e-06  6.219304e-06
       19       3.498842e-07  5.484608e-07  9.783048e-07  1.315489e-06  1.981836e-06  1.917096e-06  2.514291e-06  2.903564e-06  3.115042e-06  3.217478e-06  3.222236e-06  3.948728e-06  4.160329e-06  4.763211e-06  4.842924e-06  5.216464e-06  5.474302e-06  5.900135e-06  6.206064e-06  6.539843e-06
       20       3.682560e-07  5.786156e-07  1.031510e-06  1.387465e-06  2.087940e-06  2.018252e-06  2.650059e-06  3.060889e-06  3.284847e-06  3.391716e-06  3.398960e-06  4.162157e-06  4.386054e-06  5.023930e-06  5.105942e-06  5.496453e-06  5.772400e-06  6.219304e-06  6.539843e-06  6.893723e-06
#  ==========================================================================


#                    CORRELATION MATRIX

#    Layer             1             2             3             4             5             6             7             8             9            10            11            12            13            14            15            16            17            18            19            20
#  --------------------------------------------------------------------------
        1            1.00000       0.76511       0.90144       0.86433       0.91838       0.94023       0.91586       0.90240       0.89198       0.89751       0.90923       0.90605       0.92045       0.91550       0.90939       0.92271       0.89982       0.91945       0.91736       0.91611
        2            0.76511       1.00000       0.88419       0.92650       0.91598       0.89742       0.87985       0.93458       0.89988       0.92238       0.91125       0.91855       0.92539       0.92343       0.92119       0.90402       0.92582       0.91761       0.91765       0.91855
        3            0.90144       0.88419       1.00000       0.97122       0.94625       0.96942       0.97957       0.97565       0.98245       0.98432       0.98502       0.98660       0.98136       0.98340       0.97823       0.98690       0.98562       0.98577       0.98594       0.98635
        4            0.86433       0.92650       0.97122       1.00000       0.94100       0.95735       0.95460       0.97856       0.97148       0.98282       0.97530       0.98014       0.97874       0.97880       0.97462       0.97366       0.98218       0.97746       0.97737       0.97808
        5            0.91838       0.91598       0.94625       0.94100       1.00000       0.97237       0.95853       0.97743       0.95436       0.96594       0.97024       0.97183       0.98036       0.97372       0.97861       0.97421       0.96767       0.97432       0.97629       0.97591
        6            0.94023       0.89742       0.96942       0.95735       0.97237       1.00000       0.97895       0.98239       0.97690       0.98323       0.98116       0.98512       0.98773       0.98632       0.98833       0.99036       0.98328       0.98948       0.99035       0.98924
        7            0.91586       0.87985       0.97957       0.95460       0.95853       0.97895       1.00000       0.98209       0.99170       0.98549       0.99103       0.98729       0.98511       0.98684       0.98894       0.98949       0.98687       0.99091       0.99033       0.99038
        8            0.90240       0.93458       0.97565       0.97856       0.97743       0.98239       0.98209       1.00000       0.98621       0.99113       0.99311       0.99314       0.99553       0.99583       0.99570       0.99125       0.99477       0.99593       0.99551       0.99574
        9            0.89198       0.89988       0.98245       0.97148       0.95436       0.97690       0.99170       0.98621       1.00000       0.99054       0.99353       0.98934       0.98586       0.99082       0.99250       0.98910       0.99281       0.99241       0.99172       0.99225
       10            0.89751       0.92238       0.98432       0.98282       0.96594       0.98323       0.98549       0.99113       0.99054       1.00000       0.99332       0.99733       0.99396       0.99285       0.99441       0.99529       0.99684       0.99538       0.99651       0.99670
       11            0.90923       0.91125       0.98502       0.97530       0.97024       0.98116       0.99103       0.99311       0.99353       0.99332       1.00000       0.99340       0.99433       0.99611       0.99649       0.99408       0.99731       0.99726       0.99636       0.99721
       12            0.90605       0.91855       0.98660       0.98014       0.97183       0.98512       0.98729       0.99314       0.98934       0.99733       0.99340       1.00000       0.99554       0.99463       0.99496       0.99739       0.99597       0.99665       0.99791       0.99801
       13            0.92045       0.92539       0.98136       0.97874       0.98036       0.98773       0.98511       0.99553       0.98586       0.99396       0.99433       0.99554       1.00000       0.99729       0.99601       0.99505       0.99561       0.99766       0.99751       0.99781
       14            0.91550       0.92343       0.98340       0.97880       0.97372       0.98632       0.98684       0.99583       0.99082       0.99285       0.99611       0.99463       0.99729       1.00000       0.99637       0.99379       0.99644       0.99821       0.99693       0.99768
       15            0.90939       0.92119       0.97823       0.97462       0.97861       0.98833       0.98894       0.99570       0.99250       0.99441       0.99649       0.99496       0.99601       0.99637       1.00000       0.99551       0.99636       0.99759       0.99778       0.99812
       16            0.92271       0.90402       0.98690       0.97366       0.97421       0.99036       0.98949       0.99125       0.98910       0.99529       0.99408       0.99739       0.99505       0.99379       0.99551       1.00000       0.99507       0.99731       0.99864       0.99838
       17            0.89982       0.92582       0.98562       0.98218       0.96767       0.98328       0.98687       0.99477       0.99281       0.99684       0.99731       0.99597       0.99561       0.99644       0.99636       0.99507       1.00000       0.99807       0.99781       0.99829
       18            0.91945       0.91761       0.98577       0.97746       0.97432       0.98948       0.99091       0.99593       0.99241       0.99538       0.99726       0.99665       0.99766       0.99821       0.99759       0.99731       0.99807       1.00000       0.99945       0.99959
       19            0.91736       0.91765       0.98594       0.97737       0.97629       0.99035       0.99033       0.99551       0.99172       0.99651       0.99636       0.99791       0.99751       0.99693       0.99778       0.99864       0.99781       0.99945       1.00000       0.99984
       20            0.91611       0.91855       0.98635       0.97808       0.97591       0.98924       0.99038       0.99574       0.99225       0.99670       0.99721       0.99801       0.99781       0.99768       0.99812       0.99838       0.99829       0.99959       0.99984       1.00000
#  ==========================================================================
