

#               STATISTICS of INDIVIDUAL LAYERS

#    Layer           MIN          MAX         MEAN          STD
#  ---------------------------------------------------------------
        1            0.0000       0.0476       0.0001       0.0017
        2            0.0000       0.0988       0.0001       0.0033
        3            0.0000       0.1268       0.0002       0.0043
        4            0.0000       0.1298       0.0002       0.0044
        5            0.0000       0.2000       0.0003       0.0067
        6            0.0000       0.1863       0.0003       0.0064
        7            0.0000       0.2345       0.0004       0.0080
        8            0.0000       0.2780       0.0004       0.0094
        9            0.0000       0.3411       0.0005       0.0115
       10            0.0000       0.3851       0.0006       0.0129
       11            0.0000       0.3821       0.0006       0.0129
       12            0.0000       0.4238       0.0006       0.0143
       13            0.0000       0.5107       0.0008       0.0172
       14            0.0000       0.4280       0.0006       0.0144
       15            0.0000       0.6310       0.0009       0.0212
       16            0.0000       0.5875       0.0009       0.0199
       17            0.0000       0.5988       0.0009       0.0202
       18            0.0000       0.6583       0.0010       0.0222
       19            0.0000       0.7048       0.0011       0.0237
       20            0.0000       0.7321       0.0011       0.0247
#  ===============================================================


#                    COVARIANCE MATRIX

#    Layer             1             2             3             4             5             6             7             8             9            10            11            12            13            14            15            16            17            18            19            20
#  --------------------------------------------------------------------------
        1       2.794389e-06  5.361395e-06  6.954204e-06  7.131695e-06  1.083816e-05  1.039318e-05  1.299162e-05  1.533737e-05  1.868135e-05  2.082101e-05  2.100265e-05  2.332229e-05  2.809459e-05  2.363879e-05  3.456660e-05  3.243462e-05  3.295005e-05  3.623648e-05  3.871916e-05  4.018320e-05
        2       5.361395e-06  1.084823e-05  1.396555e-05  1.430160e-05  2.194515e-05  2.062971e-05  2.591458e-05  3.067805e-05  3.755335e-05  4.222861e-05  4.212103e-05  4.673132e-05  5.630647e-05  4.724622e-05  6.947395e-05  6.484482e-05  6.602513e-05  7.259491e-05  7.766929e-05  8.066103e-05
        3       6.954204e-06  1.396555e-05  1.799961e-05  1.843476e-05  2.825071e-05  2.663212e-05  3.343049e-05  3.955914e-05  4.839208e-05  5.435086e-05  5.429512e-05  6.024604e-05  7.258800e-05  6.093088e-05  8.952654e-05  8.362342e-05  8.511916e-05  9.359133e-05  1.001153e-04  1.039617e-04
        4       7.131695e-06  1.430160e-05  1.843476e-05  1.888572e-05  2.893217e-05  2.728730e-05  3.425024e-05  4.052443e-05  4.956759e-05  5.565744e-05  5.561612e-05  6.171451e-05  7.435762e-05  6.242040e-05  9.170142e-05  8.566690e-05  8.719444e-05  9.587471e-05  1.025535e-04  1.064918e-04
        5       1.083816e-05  2.194515e-05  2.825071e-05  2.893217e-05  4.440636e-05  4.173222e-05  5.242357e-05  6.205459e-05  7.597395e-05  8.544647e-05  8.520949e-05  9.453726e-05  1.139101e-04  9.557680e-05  1.405526e-04  1.311786e-04  1.335696e-04  1.468620e-04  1.571300e-04  1.631844e-04
        6       1.039318e-05  2.062971e-05  2.663212e-05  2.728730e-05  4.173222e-05  3.951083e-05  4.954160e-05  5.858381e-05  7.159162e-05  8.025388e-05  8.036380e-05  8.919124e-05  1.074593e-04  9.025494e-05  1.324529e-04  1.238615e-04  1.260131e-04  1.385644e-04  1.481816e-04  1.538520e-04
        7       1.299162e-05  2.591458e-05  3.343049e-05  3.425024e-05  5.242357e-05  4.954160e-05  6.215152e-05  7.351542e-05  8.987745e-05  1.008328e-04  1.008667e-04  1.119367e-04  1.348663e-04  1.132463e-04  1.662768e-04  1.554167e-04  1.581526e-04  1.739004e-04  1.859903e-04  1.931199e-04
        8       1.533737e-05  3.067805e-05  3.955914e-05  4.052443e-05  6.205459e-05  5.858381e-05  7.351542e-05  8.697640e-05  1.063565e-04  1.193712e-04  1.193479e-04  1.324381e-04  1.595663e-04  1.339688e-04  1.967601e-04  1.838584e-04  1.871176e-04  2.057456e-04  2.200649e-04  2.285081e-04
        9       1.868135e-05  3.755335e-05  4.839208e-05  4.956759e-05  7.597395e-05  7.159162e-05  8.987745e-05  1.063565e-04  1.301210e-04  1.461660e-04  1.459805e-04  1.619813e-04  1.951657e-04  1.638148e-04  2.407199e-04  2.248261e-04  2.288591e-04  2.516393e-04  2.691849e-04  2.795302e-04
       10       2.082101e-05  4.222861e-05  5.435086e-05  5.565744e-05  8.544647e-05  8.025388e-05  1.008328e-04  1.193712e-04  1.461660e-04  1.644327e-04  1.639198e-04  1.818599e-04  2.191262e-04  1.838431e-04  2.703989e-04  2.523260e-04  2.569468e-04  2.825134e-04  3.022761e-04  3.139294e-04
       11       2.100265e-05  4.212103e-05  5.429512e-05  5.561612e-05  8.520949e-05  8.036380e-05  1.008667e-04  1.193479e-04  1.459805e-04  1.639198e-04  1.637978e-04  1.817539e-04  2.189883e-04  1.838330e-04  2.700719e-04  2.522967e-04  2.567941e-04  2.823564e-04  3.020282e-04  3.136274e-04
       12       2.332229e-05  4.673132e-05  6.024604e-05  6.171451e-05  9.453726e-05  8.919124e-05  1.119367e-04  1.324381e-04  1.619813e-04  1.818599e-04  1.817539e-04  2.016859e-04  2.430015e-04  2.039992e-04  2.996704e-04  2.799733e-04  2.849537e-04  3.133219e-04  3.351432e-04  3.480095e-04
       13       2.809459e-05  5.630647e-05  7.258800e-05  7.435762e-05  1.139101e-04  1.074593e-04  1.348663e-04  1.595663e-04  1.951657e-04  2.191262e-04  2.189883e-04  2.430015e-04  2.927838e-04  2.457884e-04  3.610658e-04  3.373248e-04  3.433282e-04  3.775076e-04  4.038014e-04  4.193053e-04
       14       2.363879e-05  4.724622e-05  6.093088e-05  6.242040e-05  9.557680e-05  9.025494e-05  1.132463e-04  1.339688e-04  1.638148e-04  1.838431e-04  1.838330e-04  2.039992e-04  2.457884e-04  2.063671e-04  3.030680e-04  2.832171e-04  2.882240e-04  3.169207e-04  3.389716e-04  3.519747e-04
       15       3.456660e-05  6.947395e-05  8.952654e-05  9.170142e-05  1.405526e-04  1.324529e-04  1.662768e-04  1.967601e-04  2.407199e-04  2.703989e-04  2.700719e-04  2.996704e-04  3.610658e-04  3.030680e-04  4.453423e-04  4.159427e-04  4.233944e-04  4.655394e-04  4.979994e-04  5.171388e-04
       16       3.243462e-05  6.484482e-05  8.362342e-05  8.566690e-05  1.311786e-04  1.238615e-04  1.554167e-04  1.838584e-04  2.248261e-04  2.523260e-04  2.522967e-04  2.799733e-04  3.373248e-04  2.832171e-04  4.159427e-04  3.886881e-04  3.955629e-04  4.349471e-04  4.652137e-04  4.830612e-04
       17       3.295005e-05  6.602513e-05  8.511916e-05  8.719444e-05  1.335696e-04  1.260131e-04  1.581526e-04  1.871176e-04  2.288591e-04  2.569468e-04  2.567941e-04  2.849537e-04  3.433282e-04  2.882240e-04  4.233944e-04  3.955629e-04  4.026028e-04  4.426820e-04  4.735122e-04  4.916913e-04
       18       3.623648e-05  7.259491e-05  9.359133e-05  9.587471e-05  1.468620e-04  1.385644e-04  1.739004e-04  2.057456e-04  2.516393e-04  2.825134e-04  2.823564e-04  3.133219e-04  3.775076e-04  3.169207e-04  4.655394e-04  4.349471e-04  4.426820e-04  4.867534e-04  5.206500e-04  5.406376e-04
       19       3.871916e-05  7.766929e-05  1.001153e-04  1.025535e-04  1.571300e-04  1.481816e-04  1.859903e-04  2.200649e-04  2.691849e-04  3.022761e-04  3.020282e-04  3.351432e-04  4.038014e-04  3.389716e-04  4.979994e-04  4.652137e-04  4.735122e-04  5.206500e-04  5.569261e-04  5.783148e-04
       20       4.018320e-05  8.066103e-05  1.039617e-04  1.064918e-04  1.631844e-04  1.538520e-04  1.931199e-04  2.285081e-04  2.795302e-04  3.139294e-04  3.136274e-04  3.480095e-04  4.193053e-04  3.519747e-04  5.171388e-04  4.830612e-04  4.916913e-04  5.406376e-04  5.783148e-04  6.005315e-04
#  ==========================================================================


#                    CORRELATION MATRIX

#    Layer             1             2             3             4             5             6             7             8             9            10            11            12            13            14            15            16            17            18            19            20
#  --------------------------------------------------------------------------
        1            1.00000       0.97377       0.98056       0.98171       0.97295       0.98912       0.98581       0.98380       0.97970       0.97132       0.98170       0.98240       0.98221       0.98438       0.97987       0.98416       0.98237       0.98254       0.98149       0.98092
        2            0.97377       1.00000       0.99942       0.99917       0.99985       0.99645       0.99802       0.99873       0.99953       0.99985       0.99923       0.99906       0.99909       0.99854       0.99953       0.99861       0.99906       0.99902       0.99924       0.99935
        3            0.98056       0.99942       1.00000       0.99986       0.99925       0.99866       0.99951       0.99980       0.99993       0.99904       0.99994       0.99991       0.99991       0.99974       0.99994       0.99976       0.99990       0.99988       0.99993       0.99994
        4            0.98171       0.99917       0.99986       1.00000       0.99906       0.99893       0.99970       0.99988       0.99990       0.99876       0.99995       0.99996       0.99997       0.99986       0.99991       0.99988       0.99996       0.99996       0.99997       0.99996
        5            0.97295       0.99985       0.99925       0.99906       1.00000       0.99630       0.99788       0.99851       0.99947       0.99995       0.99911       0.99895       0.99900       0.99841       0.99947       0.99848       0.99896       0.99892       0.99917       0.99928
        6            0.98912       0.99645       0.99866       0.99893       0.99630       1.00000       0.99974       0.99935       0.99846       0.99567       0.99896       0.99914       0.99911       0.99952       0.99852       0.99949       0.99912       0.99917       0.99894       0.99880
        7            0.98581       0.99802       0.99951       0.99970       0.99788       0.99974       1.00000       0.99989       0.99943       0.99743       0.99970       0.99979       0.99978       0.99995       0.99944       0.99993       0.99980       0.99982       0.99969       0.99962
        8            0.98380       0.99873       0.99980       0.99988       0.99851       0.99935       0.99989       1.00000       0.99975       0.99817       0.99991       0.99994       0.99992       0.99996       0.99975       0.99996       0.99994       0.99994       0.99989       0.99985
        9            0.97970       0.99953       0.99993       0.99990       0.99947       0.99846       0.99943       0.99975       1.00000       0.99926       0.99992       0.99989       0.99990       0.99968       0.99998       0.99971       0.99990       0.99989       0.99995       0.99997
       10            0.97132       0.99985       0.99904       0.99876       0.99995       0.99567       0.99743       0.99817       0.99926       1.00000       0.99881       0.99863       0.99868       0.99801       0.99923       0.99808       0.99864       0.99860       0.99887       0.99901
       11            0.98170       0.99923       0.99994       0.99995       0.99911       0.99896       0.99970       0.99991       0.99992       0.99881       1.00000       0.99998       0.99998       0.99988       0.99995       0.99990       0.99998       0.99997       0.99999       0.99998
       12            0.98240       0.99906       0.99991       0.99996       0.99895       0.99914       0.99979       0.99994       0.99989       0.99863       0.99998       1.00000       0.99999       0.99993       0.99991       0.99995       1.00000       1.00000       0.99999       0.99997
       13            0.98221       0.99909       0.99991       0.99997       0.99900       0.99911       0.99978       0.99992       0.99990       0.99868       0.99998       0.99999       1.00000       0.99993       0.99992       0.99994       0.99999       0.99999       0.99999       0.99997
       14            0.98438       0.99854       0.99974       0.99986       0.99841       0.99952       0.99995       0.99996       0.99968       0.99801       0.99988       0.99993       0.99993       1.00000       0.99971       1.00000       0.99993       0.99994       0.99987       0.99982
       15            0.97987       0.99953       0.99994       0.99991       0.99947       0.99852       0.99944       0.99975       0.99998       0.99923       0.99995       0.99991       0.99992       0.99971       1.00000       0.99974       0.99991       0.99990       0.99996       0.99998
       16            0.98416       0.99861       0.99976       0.99988       0.99848       0.99949       0.99993       0.99996       0.99971       0.99808       0.99990       0.99995       0.99994       1.00000       0.99974       1.00000       0.99995       0.99996       0.99989       0.99985
       17            0.98237       0.99906       0.99990       0.99996       0.99896       0.99912       0.99980       0.99994       0.99990       0.99864       0.99998       1.00000       0.99999       0.99993       0.99991       0.99995       1.00000       1.00000       0.99999       0.99997
       18            0.98254       0.99902       0.99988       0.99996       0.99892       0.99917       0.99982       0.99994       0.99989       0.99860       0.99997       1.00000       0.99999       0.99994       0.99990       0.99996       1.00000       1.00000       0.99998       0.99996
       19            0.98149       0.99924       0.99993       0.99997       0.99917       0.99894       0.99969       0.99989       0.99995       0.99887       0.99999       0.99999       0.99999       0.99987       0.99996       0.99989       0.99999       0.99998       1.00000       0.99999
       20            0.98092       0.99935       0.99994       0.99996       0.99928       0.99880       0.99962       0.99985       0.99997       0.99901       0.99998       0.99997       0.99997       0.99982       0.99998       0.99985       0.99997       0.99996       0.99999       1.00000
#  ==========================================================================
